554
443
322
2
140
316
397
537
190
500
426
436
581
337
117
434
304
540
282
57
71
24
22
42
224
368
553
111
11
174
314
522
324
51
136
494
325
564
412
473
181
454
91
551
490
396
233
382
147
546
205
369
547
530
560
105
271
218
68
483
150
148
326
496
386
260
378
156
479
318
379
195
365
215
470
261
385
88
274
328
185
225
423
348
196
115
350
114
306
26
543
90
238
285
550
228
49
267
3
311
210
531
133
335
319
175
392
519
528
52
499
55
112
6
200
220
65
157
383
252
389
352
254
563
206
54
438
74
119
416
248
466
476
18
440
562
122
232
584
226
135
441
534
388
56
431
30
165
347
527
153
402
268
19
518
155
236
1
371
62
330
329
121
131
235
511
526
219
98
102
509
308
401
177
189
358
187
281
263
521
34
310
127
393
312
87
351
442
361
94
450
222
161
410
286
83
520
27
43
482
405
425
453
380
167
130
446
168
415
32
556
138
512
208
151
128
213
46
555
447
573
532
384
266
134
437
227
488
294
583
199
460
29
557
69
95
323
291
345
363
295
28
160
407
377
152
435
129
139
469
299
567
404
31
533
549
120
277
478
315
463
270
320
344
191
194
491
523
539
568
516
411
427
585
505
171
17
186
579
495
93
192
571
35
106
221
566
265
182
391
572
284
216
36
63
303
132
317
464
250
394
298
421
569
197
58
244
202
23
587
355
145
172
154
163
364
242
468
300
64
293
486
565
472
143
85
77
4
444
390
432
514
231
305
367
353
529
258
374
173
170
89
301
480
307
467
561
503
86
287
395
0
142
158
333
400
269
445
273
354
481
487
8
309
430
349
241
288
525
5
517
262
188
108
336
515
536
79
510
84
340
399
247
245
357
47
137
414
211
246
313
104
109
474
45
370
570
149
275
541
15
459
81
321
343
110
360
113
501
176
575
276
217
588
198
201
283
107
428
502
375
366
449
169
455
41
456
542
204
302
144
272
508
118
243
240
229
14
409
92
493
451
429
257
203
372
582
558
59
507
356
178
125
327
61
338
422
398
184
53
21
234
12
101
381
339
420
448
586
419
67
